 eotarnsihl.*udmygcw:f!pbvIk',TS?WCABMHGRYDELPONF-zAK‎OUjxRNSTE1ZU0qH2MK*3V"CDL()Y4GQ59JXQ/P6B7Z+JWV8F&%;ב'גדהזחיךכלםןנעפ¸צקרשת‎‏**********¨‗
 ומtאrnsihl.*טdmףgסw:f!נbvIk',S?WGRYDLONF-z‎OUjץRNS1ZU0qH2MK*3V"CDL()Y4GQ59JQ/P6B7Z+JWV8F&%;ב'גדהזחיךכלםןנעפ¸צקרשת‎‏**********¨‗
3
6
6
6
6
5
6
6
3
6
4
4
12
6
6
7
6
6
6
8
4
6
5
6
6
6
3
6
3
4
8
7
9
9
7
7
7
9
7
7
7
7
7
6
6
7
8
7
6
7
6
7
7
7
8
7
5
6
7
7
7
8
6
5
7
7
8
6
7
8
9
7
7
7
7
5
7
7
6
5
5
7
8
7
8
7
8
6
7
8
6
7
8
7
7
7
7
6
9
7
8
6
7
8
7
4
6
3
6
4
8
7
7
6
6
6
6
7
6
6
6
5
7
6
6
6
7
7
7
8
6
7
8
6
12
12
12
12
12
12
12
12
12
12
7
6
9
5
9
7
7
7
8
9
8
7
7
11
7
7
9
9
8
10
7
7
10
7
0
0
0
0
12
12
12
12
12
12
12
12
12
12
12
12
12
12
12
12
12
12
12
12
12
12
12
12
12
12
12
12
12
12
12
12
12
12
12
12
12
12
12
12
12
12
12
12
12
12
12
12
12
12
12
12
12
12
12
12
12
12
12
12
12
12
12
12
12
12
12
12
12
12
12
12
12
12
12
12
12
12
12
12
12
12
12
12
12
12
12
12
12
12
12
12
12
12
12
12
12
12
12
12
8
5
8
7
8
7
8
7
8
8
5
9
7
7
4
6
12
6
12
4
7
6
6
12
12
12
12
12
12
12
12
12
9
12
12
12
10
12
12
12
12
12
12
12
12
10
10
10
12
12
12
12
12
12
7
7
6
6
6
12
5
12
5
7
12
5
12
5
8